Table 5.12 Bird Data
=============================================================================================
(Tail length) |	(Wing length) |	(Tail length) |	(Wing length) |	(Tail length) |	(Wing length)
---------------------------------------------------------------------------------------------
x1		x2		x1		x2		x1		x2
---------------------------------------------------------------------------------------------
191		284		186		266		173		271
197		285		197		285		194		280
208		288		201		295		198		300
180		273		190		282		180		272
180		275		209		305		190		292	
188		280		187		285		191		286
210		283		207		297		196		285
196		288		178		268		207		286
191		271		202		271		109		303
179		257		205		285		179		261
208		289		190		280		186		262
202		285		189		277		174		245
200		272		211		310		181		250
192		282		216		305		189		262
199		280		189		274		188		258
---------------------------------------------------------------------------------------------
Source: Data courtesy of S. Temple. 
